Load from text file

TTABLE: 64.419431
TUNGRAPH: 7630.032797
TUNGRAPH: 7757.902905
